11
32
34
37
42
46
49
52
54
61
64
68
71
73
77
81
94
99
101
107
113
133
138
159
173
178
182
188
192
194
208
211
314
339
344
346
349
353
361
364
408
412
479
614
724
729
731
744
767
818
822
847
874
902
952
954
957
992
1044
1124
1202
1239
1242
1244
1247
1249
1252
1254
1258
1262
1267
1269
1273
1276
1278
1281
1283
1286
1288
1291
1296
1298
1301
1306
1308
1311
1313
1316
1318
1321
1323
1326
1328
1331
1333
1336
1338
1341
1343
1346
1348
1351
1353
1356
1358
1361
1363
1366
1368
1371
1373
1376
1378
1381
1383
1388
1396
1456
1487
1514
1521
1524
1528
1532
1536
1538
1543
1547
1551
1554
1558
1563
1566
1568
1571
1574
1576
1579
1581
1586
1588
1598
1603
1607
1616
1619
1621
1623
1654
1657
1659
1661
1663
1666
1669
1671
1674
1677
1679
1682
1688
1691
1699
1702
1716
1719
1721
1724
1727
1729
1732
1734
1737
1739
1742
1744
1747
1749
1754
1782
1784
1814
1859
1874
1878
1886
1889
1892
1894
1896
1898
1902
1904
1907
1909
1912
1917
1921
1924
1927
1929
1932
1934
1962
1976
1996
2016
2036
2056
2076
2094
2113
2139
2169
2207
2349
